rotation of screen relative to camera:
-0.831442 -0.010258  0.555517
0.0137839  0.999141   0.03908
-0.555441   0.04015 -0.830586

translation of screen relative to camera:
 0.318505
-0.165624
 0.184212
0.0754754
0.0801114
0.0940491

CBR_0:
  0.994363 0.00617265   0.105852
0.00307835  -0.999564   0.029371
  0.105987 -0.0288795  -0.993948
CBTL_0:
-0.0211152
 0.0219562
  0.163464

CBR_1:
  0.993785 -0.0564506  0.0959427
 -0.041569  -0.987724  -0.150578
  0.103265   0.145654  -0.983931
CBTL_1:
-0.0223974
 0.0375845
  0.166933

CBR_2:
  0.998783  -0.022403 -0.0439291
-0.0256769   -0.99682 -0.0754386
-0.0420994  0.0764747  -0.996182
CBTL_2:
-0.0168203
 0.0314492
  0.195082

perViewErrors: 27.8771,32.014,26.0175,
total error: 28.845
